Vancouver-Calgary
4
x-[439, 580, 581, 440]
y-[135, 122, 131, 146]

Vancouver-Seattle-Left
4
x-[415, 401, 401, 416]
y-[159, 160, 199, 199]

Vancouver-Seattle-Right
4
x-[419, 434, 434, 419]
y-[160, 160, 199, 198]

Seattle-Calgary
13
x-[434, 481, 485, 531, 538, 576, 581, 601, 590, 568, 528, 481, 435]
y-[217, 219, 217, 211, 209, 185, 177, 141, 136, 174, 199, 205, 204]

Calgary-Helena
4
x-[729, 607, 614, 736]
y-[271, 145, 134, 264]

Calgary-Winnipeg
19
x-[612, 654, 659, 702, 708, 752, 757, 803, 808, 851, 856, 898, 891, 849, 804, 754, 706, 659, 616]
y-[117, 99, 98, 91, 89, 88, 87, 91, 92, 102, 106, 122, 131, 114, 102, 101, 102, 111, 127]

Winnipeg-Helena
4
x-[881, 892, 758, 749]
y-[143, 153, 270, 265]

Helena-Salt Lake City
4
x-[716, 728, 657, 647]
y-[298, 302, 412, 407]

Seattle-Portland-Left
4
x-[395, 408, 391, 380]
y-[219, 224, 260, 256]

Seattle-Portland-Right
4
x-[412, 423, 407, 393]
y-[227, 229, 266, 262]

Portland-San Francisco-Left
16
x-[366, 349, 347, 339, 338, 337, 337, 339, 341, 353, 365, 352, 348, 351, 361, 379]
y-[284, 321, 327, 365, 370, 410, 414, 455, 458, 499, 496, 456, 411, 370, 327, 288]

Portland-San Francisco-Right
16
x-[384, 367, 364, 357, 356, 354, 353, 357, 357, 370, 383, 370, 368, 370, 378, 398]
y-[287, 323, 328, 366, 371, 412, 416, 456, 462, 500, 496, 456, 413, 371, 328, 292]

Portland-Salt Lake City
19
x-[405, 449, 453, 497, 500, 539, 543, 578, 583, 612, 616, 638, 625, 602, 571, 533, 492, 447, 402]
y-[271, 279, 281, 295, 296, 317, 320, 346, 350, 380, 382, 420, 425, 388, 356, 329, 306, 290, 282]

San Francisco-Salt Lake City-Left
4
x-[390, 611, 618, 394]
y-[495, 429, 438, 505]

San Francisco-Salt Lake City-Right
4
x-[395, 619, 624, 400]
y-[510, 444, 453, 520]

Salt Lake City-Las Vegas
11
x-[638, 636, 618, 613, 581, 574, 607, 624, 629, 642]
y-[492, 499, 536, 543, 571, 562, 530, 490, 452, 455]

Las Vegas-Los Angeles
7
x-[545, 500, 489, 471, 483, 503, 548]
y-[565, 572, 582, 619, 625, 588, 577]

Seattle-Helena
4
x-[435, 718, 714, 433]
y-[225, 281, 292, 236]

San Francisco-Los Angeles-Left
10
x-[363, 381, 383, 409, 413, 444, 453, 420, 392, 375]
y-[534, 572, 577, 608, 614, 642, 633, 602, 565, 530]

San Francisco-Los Angeles-Right
10
x-[377, 395, 398, 422, 428, 458, 468, 435, 408, 390]
y-[528, 563, 569, 601, 604, 632, 623, 593, 560, 520]

Los Angeles-Phoenix
3
x-[488, 535, 580, 625, 628, 584, 578, 536, 526, 486]
y-[641, 633, 634, 641, 632, 622, 622, 623, 624, 629]

Los Angeles-El Paso
23
x-[489, 523, 530, 568, 576, 618, 625, 666, 674, 716, 724, 766, 763, 721, 716, 673, 668, 626, 619, 578, 573, 533, 496]
y-[659, 682, 686, 700, 701, 710, 711, 719, 719, 716, 716, 707, 695, 704, 706, 707, 707, 704, 702, 689, 690, 675, 650]

Phoenix-El Paso
4
x-[652, 647, 781, 789]
y-[649, 662, 696, 684]

Phoenix-Santa Fe
4    
x-[650, 647, 783, 788]
y-[647, 659, 696, 682]

Phoenix-Denver
16
x-[636, 653, 657, 677, 680, 706, 710, 744, 751, 793, 797, 752, 716, 689, 666, 648]
y-[635, 599, 594, 558, 557, 523, 519, 493, 491, 475, 486, 503, 531, 567, 602, 639]

Denver-Santa Fe
4
x-[803, 816, 812, 797]
y-[492, 490, 574, 573]

Santa Fe-El paso
4
x-[796, 810, 807, 791]
y-[599, 599, 681, 682]

Salt Lake City-Denver-Left
4
x-[657, 654, 788, 795]
y-[424, 437, 462, 447]

Salt Lake City-Denver-Right
4
x-[649, 654, 791, 787]
y-[450, 437, 463, 473]

Helena-Denver
4
x-[737, 808, 820, 749]
y-[301, 457, 452, 296]

Helena-Duluth
4
x-[753, 1044, 1043, 752]
y-[278, 274, 288, 291]

Helena-Omaha
4
x-[761, 769, 991, 986]
y-[307, 296, 375, 387]

Denver-Omaha
13
x-[821, 856, 860, 902, 905, 951, 955, 999, 1004, 955, 908, 867, 830]
y-[457, 431, 429, 411, 411, 399, 396, 389, 403, 411, 423, 441, 467]

Winnipeg-Sault St. Marie
4
x-[933, 1218, 1215, 931]
y-[128, 182, 195, 140]

Duluth-Sault St. Marie
4
x-[1080, 1211, 1218, 1086]
y-[253, 203, 214, 263]

Santa Fe-Oklahoma City
4
x-[821, 965, 965, 823]
y-[580, 564, 576, 591]

Denver-Oklahoma City
13  
x-[819, 850, 857, 898, 904, 948, 952, 996, 998, 951, 904, 861, 828]
y-[500, 530, 534, 552, 551, 559, 557, 561, 548, 546, 539, 521, 491]

El Paso-Dallas
4 
x-[836, 1025, 1026, 838]
y-[692, 670, 678, 704]

El Paso-Oklahoma City
16
x-[814, 858, 863, 903, 907, 946, 950, 982, 985, 1011, 998, 970, 938, 897, 853, 811]
y-[692, 682, 681, 663, 661, 639, 634, 605, 603, 571, 562, 596, 627, 650, 670, 682]

El Paso-Houston
19
x-[805, 843, 849, 893, 896, 941, 947, 993, 997, 1042, 1046, 1089, 1084, 1041, 993, 944, 896, 850, 811]
y-[712, 731, 732, 745, 746, 752, 752, 754, 754, 746, 745, 732, 721, 735, 741, 740, 734, 721, 700]

Denver-Kansas City-Left
13
x-[839, 882, 890, 932, 940, 980, 989, 1027, 1022, 984, 934, 884, 839]
y-[479, 483, 482, 479, 478, 471, 468, 453, 444, 460, 469, 472, 468]

Denver-Kansas City-Right
13
x-[839, 882, 889, 933, 939, 983, 989, 1030, 1024, 982, 935, 886, 839]
y-[495, 499, 499, 496, 494, 488, 485, 470, 460, 476, 486, 487, 485]

Denver-Oklahoma City
13
x-[819, 851, 856, 897, 904, 948, 952, 997, 997, 948, 902, 861, 826]
y-[500, 530, 534, 551, 552, 559, 557, 560, 548, 547, 538, 521, 492]

Duluth-Omaha-Left
4 
x-[1037, 1051, 1016, 1003]
y-[293, 298, 374, 371]

Duluth-Omaha-Right
4
x-[1053, 1067, 1032, 1019]
y-[298, 303, 379, 373]

Omaha-Kansas City-Right
4
x-[1025, 1038, 1058, 1045]
y-[405, 398, 435, 440]

Omaha-Kansas City-Left
4
x-[1013, 1021, 1039, 1031]
y-[412, 405, 439, 446]

Kansas City-Oklahoma City-Left
9
x-[1035, 1047, 1036, 1033, 1023, 1010, 1021, 1024, 1036]
y-[462, 467, 501, 507, 544, 542, 506, 498, 463]

Kansas City-Oklahoma City-Right
4
x-[1049, 1064, 1038, 1025]
y-[468, 471, 550, 546]

Dallas-Oklahoma City-Right
4 
x-[1056, 1045, 1035, 1045]
y-[646, 572, 573, 650]

Dallas-Oklahoma City-Left
4
x-[1038, 1028, 1018, 1028]
y-[651, 574, 575, 651]

Dallas-Houston-Left
4
x-[1057, 1046, 1076, 1086]
y-[674, 683, 713, 701]

Dallas-Houston-Right
4
x-[1058, 1069, 1098, 1085]
y-[673, 663, 693, 703]

Kansas City-Saint Louis-Left
8
x-[1058, 1100, 1107, 1149, 1150, 1108, 1101, 1059]
y-[437, 436, 437, 435, 447, 447, 449, 449]

Kansas City-Saint Louis-Right
4
x-[1059, 1057, 1152, 1152]
y-[451, 464, 462, 450]

Atlanta-Raleigh-Left
7
x-[1360, 1392, 1399, 1426, 1435, 1400, 1370]
y-[523, 501, 498, 474, 482, 508, 532]

Atlanta-Raleigh-Right
4
x-[1371, 1380, 1450, 1440]
y-[535, 546, 493, 484]

Raleigh-Washington-Left
8
x-[1459, 1484, 1491, 1517, 1509, 1483, 1479, 1451]
y-[461, 435, 427, 401, 395, 421, 428, 456]

Raleigh-Washington-Right
4
x-[1462, 1473, 1531, 1521]
y-[466, 475, 408, 403]

New York-Washington-Left
4
x-[1509, 1524, 1526, 1515]
y-[295, 295, 378, 378]

New York-Washington-Right
4
x-[1524, 1540, 1544, 1529]
y-[295, 295, 376, 377]

New York-Boston-Left
4
x-[1521, 1570, 1581, 1532]
y-[267, 197, 204, 274]

New York-Boston-Right
4
x-[1534, 1546, 1597, 1585]
y-[273, 281, 210, 206]

New York-Pittsburgh-Left
4
x-[1490, 1496, 1418, 1411]
y-[271, 281, 324, 315]

New York-Pittsburgh-Right
4
x-[1498, 1505, 1427, 1419]
y-[283, 294, 336, 328]

Duluth-Toronto
4
x-[1070, 1358, 1360, 1074]
y-[270, 226, 239, 282]

Sault St. Marie-Montreal
16
x-[1239, 1274, 1278, 1318, 1321, 1366, 1370, 1416, 1419, 1467, 1466, 1419, 1371, 1324, 1284, 1248]
y-[182, 156, 154, 134, 132, 119, 118, 107, 108, 106, 119, 121, 131, 145, 166, 192]

Montreal-Boston-Right
4
x-[1507, 1515, 1590, 1577]
y-[127, 118, 171, 180]

Montreal-Boston-Left
4
x-[1506, 1496, 1569, 1577]
y-[129, 138, 193, 181]

Montreal-New York
4
x-[1476, 1490, 1513, 1498]
y-[142, 139, 264, 264]

Montreal-Toronto
10
x-[1474, 1433, 1427, 1394, 1388, 1367, 1377, 1401, 1439, 1480]
y-[120, 136, 139, 167, 172, 207, 213, 176, 149, 133]

Sault St. Marie-Toronto
4
x-[1253, 1251, 1344, 1347]
y-[195, 206, 223, 211]

Toronto-Pittsburgh
4
x-[1398, 1382, 1388, 1402]
y-[236, 236, 319, 320]

Duluth-Chicago
10
x-[1067, 1104, 1111, 1152, 1156, 1200, 1203, 1156, 1110, 1070]
y-[295, 316, 317, 332, 333, 342, 331, 319, 305, 285]

Toronto-Chicago
13
x-[1371, 1336, 1292, 1285, 1248, 1243, 1212, 1220, 1251, 1289, 1335, 1345, 1378]
y-[235, 258, 269, 273, 293, 300, 329, 335, 308, 281, 269, 266, 243]

Omaha-Chicago
7
x-[1207, 1117, 1106, 1030, 1037, 1114, 1204]
y-[348, 334, 339, 383, 393, 346, 359]

Saint Louis-Chicago-Left
4
x-[1150, 1159, 1210, 1200]
y-[430, 435, 367, 363]

Saint Louis-Chicago-Right
4
x-[1163, 1175, 1226, 1214]
y-[439, 446, 376, 370]

Oklahoma City-Little Rock
4
x-[1034, 1129, 1129, 1034]
y-[554, 550, 563, 564]

Little Rock-Nashville
10
x-[1154, 1198, 1206, 1247, 1255, 1289, 1278, 1244, 1199, 1153]
y-[566, 563, 562, 546, 543, 516, 506, 534, 552, 554]

Saint Louis-Pittsburgh
4
x-[1174, 1385, 1391, 1181]
y-[451, 344, 356, 462]

Nashville-Raleigh
10
x-[1297, 1334, 1344, 1385, 1393, 1435, 1435, 1390, 1345, 1304]
y-[488, 467, 463, 456, 454, 456, 467, 464, 476, 497]

Nashville-Pittsburgh
 12
x-[1270, 1293, 1323, 1328, 1367, 1391, 1404, 1378, 1373, 1334, 1304, 1282]
y-[488, 448, 417, 414, 391, 356, 362, 397, 400, 424, 457, 494]

Little Rock-Saint Louis
4
x-[1146, 1168, 1156, 1134]
y-[547, 467, 466, 543]

Little Rock-Dallas
4
x-[1075, 1128, 1117, 1062]
y-[644, 577, 569, 637]

Houston-New Orleans
4
x-[1118, 1208, 1207, 1119]
y-[716, 704, 693, 705]

Little Rock-New Orleans
4
x-[1154, 1143, 1209, 1221]
y-[571, 577, 691, 684]

Saint Louis-Nashville
4
x-[1179, 1176, 1266, 1269]
y-[470, 479, 505, 494]

Nashville-Atlanta
4
x-[1309, 1301, 1337, 1344]
y-[505, 516, 539, 528]

New Orleans-Atlanta-Left
13
x-[1226, 1241, 1244, 1270, 1271, 1301, 1307, 1341, 1347, 1313, 1281, 1253, 1238]
y-[683, 645, 639, 607, 603, 571, 569, 542, 552, 577, 611, 647, 685]

New Orleans-Atlanta-Right
13
x-[1238, 1254, 1258, 1281, 1285, 1314, 1317, 1352, 1360, 1326, 1295, 1268, 1251]
y-[692, 654, 652, 619, 615, 584, 581, 556, 562, 591, 624, 657, 696]

New Orleans-Miami
19
x-[1256, 1294, 1299, 1343, 1349, 1394, 1403, 1443, 1448, 1482, 1485, 1516, 1504, 1474, 1438, 1396, 1346, 1302, 1261]
y-[697, 677, 675, 664, 663, 663, 666, 684, 687, 713, 715, 747, 756, 724, 697, 675, 676, 687, 707]

Atlanta-Miami
4
x-[1372, 1360, 1512, 1523]
y-[561, 568, 738, 729]

Charleston-Miami
13
x-[1481, 1483, 1484, 1490, 1490, 1505, 1507, 1530, 1541, 1518, 1505, 1497, 1496]
y-[566, 604, 611, 648, 654, 691, 697, 732, 724, 689, 649, 606, 565]

Atlanta-Charleston
4
x-[1380, 1474, 1475, 1379]
y-[551, 554, 566, 562]

Pittsburgh-Raleigh
4
x-[1424, 1410, 1430, 1445]
y-[362, 365, 447, 442]

Pittsburgh-Washington
4
x-[1429, 1508, 1504, 1425]
y-[344, 381, 389, 353]

Chicago-Pittsburgh-Left
10
x-[1238, 1235, 1277, 1284, 1325, 1336, 1373, 1373, 1333, 1285]
y-[340, 332, 320, 318, 313, 313, 314, 326, 326, 330]

Chicago-Pittsburgh-Right
10
x-[1241, 1283, 1288, 1332, 1336, 1385, 1381, 1337, 1288, 1244]
y-[346, 335, 335, 328, 329, 329, 340, 340, 346, 357]

Winnipeg-Duluth
4
x-[918, 1053, 1045, 908]
y-[146, 262, 270, 154]

Santa Fe-Phoenix
4
x-[658, 662, 791, 786]
y-[635, 642, 593, 583]

Raleigh-Charleston
9
x-[1462, 1497, 1503, 1514, 1497, 1485, 1499, 1494, 1457]
y-[478, 500, 503, 507, 543, 538, 512, 511, 488]
s